20 -0.025 0.001
20 -0.0500001 0.002
19.9999 -0.0750003 0.003
19.9998 -0.100001 0.004
19.9997 -0.125001 0.005
19.9996 -0.150002 0.006
19.9995 -0.175004 0.007
19.9993 -0.200005 0.008
19.9991 -0.225008 0.009
19.9989 -0.25001 0.01
19.9986 -0.275014 0.011
19.9983 -0.300018 0.012
19.998 -0.325023 0.013
19.9977 -0.350028 0.014
19.9974 -0.375035 0.015
19.997 -0.400043 0.016
19.9966 -0.425051 0.017
19.9962 -0.450061 0.018
19.9957 -0.475071 0.019
19.9952 -0.500083 0.02
19.9947 -0.525096 0.021
19.9942 -0.550111 0.022
19.9937 -0.575127 0.023
19.9931 -0.600144 0.024
19.9925 -0.625163 0.025
19.9919 -0.650183 0.026
19.9912 -0.675205 0.027
19.9905 -0.700228 0.028
19.9898 -0.725254 0.029
19.9891 -0.750281 0.03
19.9884 -0.77531 0.031
19.9876 -0.800341 0.032
19.9868 -0.825374 0.033
19.986 -0.850409 0.034
19.9851 -0.875447 0.035
19.9842 -0.900486 0.036
19.9833 -0.925528 0.037
19.9824 -0.950572 0.038
19.9815 -0.975618 0.039
19.9805 -1.00067 0.04
19.9795 -1.02572 0.041
19.9785 -1.05077 0.042
19.9774 -1.07583 0.043
19.9763 -1.10089 0.044
19.9752 -1.12595 0.045
19.9741 -1.15101 0.046
19.973 -1.17608 0.047
19.9718 -1.20115 0.048
19.9706 -1.22623 0.049
19.9694 -1.2513 0.05
19.9681 -1.27638 0.051
19.9668 -1.30147 0.052
19.9655 -1.32655 0.053
19.9642 -1.35164 0.054
19.9629 -1.37674 0.055
19.9615 -1.40183 0.056
19.9601 -1.42693 0.057
19.9586 -1.45204 0.058
19.9572 -1.47714 0.059
19.9557 -1.50225 0.06
19.9542 -1.52737 0.061
19.9527 -1.55249 0.062
19.9511 -1.57761 0.063
19.9496 -1.60274 0.064
19.948 -1.62787 0.065
19.9463 -1.653 0.066
19.9447 -1.67814 0.067
19.943 -1.70329 0.068
19.9413 -1.72843 0.069
19.9396 -1.75358 0.07
19.9378 -1.77874 0.071
19.936 -1.8039 0.072
19.9342 -1.82907 0.073
19.9324 -1.85424 0.074
19.9305 -1.87941 0.075
19.9287 -1.90459 0.076
19.9268 -1.92977 0.077
19.9248 -1.95496 0.078
19.9229 -1.98016 0.079
19.9209 -2.00536 0.08
19.9189 -2.03056 0.081
19.9169 -2.05577 0.082
19.9148 -2.08098 0.083
19.9127 -2.1062 0.084
19.9106 -2.13143 0.085
19.9085 -2.15666 0.086
19.9063 -2.18189 0.087
19.9041 -2.20714 0.088
19.9019 -2.23238 0.089
19.8997 -2.25764 0.09
19.8974 -2.28289 0.091
19.8952 -2.30816 0.092
19.8929 -2.33343 0.093
19.8905 -2.3587 0.094
19.8882 -2.38399 0.095
19.8858 -2.40927 0.096
19.8834 -2.43457 0.097
19.8809 -2.45987 0.098
19.8785 -2.48517 0.099
19.876 -2.51049 0.1
19.8735 -2.53581 0.101
19.8709 -2.56113 0.102
19.8684 -2.58647 0.103
19.8658 -2.6118 0.104
19.8632 -2.63715 0.105
19.8606 -2.6625 0.106
19.8579 -2.68786 0.107
19.8552 -2.71323 0.108
19.8525 -2.7386 0.109
19.8497 -2.76398 0.11
19.847 -2.78937 0.111
19.8442 -2.81476 0.112
19.8414 -2.84016 0.113
19.8385 -2.86557 0.114
19.8357 -2.89099 0.115
19.8328 -2.91641 0.116
19.8299 -2.94184 0.117
19.8269 -2.96728 0.118
19.824 -2.99273 0.119
19.821 -3.01818 0.12
19.8179 -3.04364 0.121
19.8149 -3.06911 0.122
19.8118 -3.09459 0.123
19.8087 -3.12007 0.124
19.8056 -3.14557 0.125
19.8025 -3.17107 0.126
19.7993 -3.19658 0.127
19.7961 -3.22209 0.128
19.7929 -3.24762 0.129
19.7896 -3.27315 0.13
19.7864 -3.2987 0.131
19.7831 -3.32425 0.132
19.7797 -3.34981 0.133
19.7764 -3.37538 0.134
19.773 -3.40095 0.135
19.7696 -3.42654 0.136
19.7662 -3.45213 0.137
19.7627 -3.47774 0.138
19.7593 -3.50335 0.139
19.7558 -3.52897 0.14
19.7522 -3.5546 0.141
19.7487 -3.58024 0.142
19.7451 -3.60589 0.143
19.7415 -3.63155 0.144
19.7379 -3.65722 0.145
19.7342 -3.6829 0.146
19.7305 -3.70859 0.147
19.7268 -3.73428 0.148
19.7231 -3.75999 0.149
19.7193 -3.78571 0.15
19.7155 -3.81143 0.151
19.7117 -3.83717 0.152
19.7079 -3.86292 0.153
19.704 -3.88867 0.154
19.7001 -3.91444 0.155
19.6962 -3.94022 0.156
19.6923 -3.96601 0.157
19.6883 -3.9918 0.158
19.6843 -4.01761 0.159
19.6803 -4.04343 0.16
19.6763 -4.06926 0.161
19.6722 -4.0951 0.162
19.6681 -4.12095 0.163
19.664 -4.14681 0.164
19.6598 -4.17269 0.165
19.6556 -4.19857 0.166
19.6514 -4.22446 0.167
19.6472 -4.25037 0.168
19.643 -4.27629 0.169
19.6387 -4.30222 0.17
19.6344 -4.32816 0.171
19.6301 -4.35411 0.172
19.6257 -4.38007 0.173
19.6213 -4.40604 0.174
19.6169 -4.43203 0.175
19.6125 -4.45803 0.176
19.608 -4.48404 0.177
19.6036 -4.51006 0.178
19.599 -4.53609 0.179
19.5945 -4.56214 0.18
19.5899 -4.58819 0.181
19.5854 -4.61426 0.182
19.5807 -4.64035 0.183
19.5761 -4.66644 0.184
19.5714 -4.69255 0.185
19.5667 -4.71867 0.186
19.562 -4.7448 0.187
19.5573 -4.77094 0.188
19.5525 -4.7971 0.189
19.5477 -4.82327 0.19
19.5429 -4.84945 0.191
19.538 -4.87565 0.192
19.5332 -4.90186 0.193
19.5283 -4.92808 0.194
19.5233 -4.95432 0.195
19.5184 -4.98057 0.196
19.5134 -5.00683 0.197
19.5084 -5.03311 0.198
19.5034 -5.05939 0.199
19.4983 -5.0857 0.2
19.4932 -5.11201 0.201
19.4881 -5.13835 0.202
19.483 -5.16469 0.203
19.4778 -5.19105 0.204
19.4726 -5.21742 0.205
19.4674 -5.24381 0.206
19.4621 -5.27021 0.207
19.4569 -5.29662 0.208
19.4516 -5.32305 0.209
19.4463 -5.3495 0.21
19.4409 -5.37596 0.211
19.4355 -5.40243 0.212
19.4301 -5.42892 0.213
19.4247 -5.45542 0.214
19.4192 -5.48194 0.215
19.4138 -5.50847 0.216
19.4083 -5.53502 0.217
19.4027 -5.56158 0.218
19.3972 -5.58816 0.219
19.3916 -5.61475 0.22
19.386 -5.64136 0.221
19.3803 -5.66799 0.222
19.3746 -5.69463 0.223
19.3689 -5.72128 0.224
19.3632 -5.74795 0.225
19.3575 -5.77464 0.226
19.3517 -5.80134 0.227
19.3459 -5.82806 0.228
19.3401 -5.8548 0.229
19.3342 -5.88155 0.23
19.3283 -5.90832 0.231
19.3224 -5.9351 0.232
19.3165 -5.9619 0.233
19.3105 -5.98872 0.234
19.3045 -6.01555 0.235
19.2985 -6.0424 0.236
19.2925 -6.06927 0.237
19.2864 -6.09615 0.238
19.2803 -6.12305 0.239
19.2742 -6.14997 0.24
19.268 -6.17691 0.241
19.2619 -6.20386 0.242
19.2557 -6.23083 0.243
19.2494 -6.25782 0.244
19.2432 -6.28482 0.245
19.2369 -6.31185 0.246
19.2306 -6.33889 0.247
19.2242 -6.36595 0.248
19.2179 -6.39302 0.249
19.2115 -6.42012 0.25
19.2051 -6.44723 0.251
19.1986 -6.47436 0.252
19.1921 -6.50151 0.253
19.1856 -6.52868 0.254
19.1791 -6.55586 0.255
19.1726 -6.58307 0.256
19.166 -6.61029 0.257
19.1594 -6.63753 0.258
19.1527 -6.66479 0.259
19.1461 -6.69207 0.26
19.1394 -6.71937 0.261
19.1327 -6.74669 0.262
19.1259 -6.77403 0.263
19.1191 -6.80138 0.264
19.1123 -6.82876 0.265
19.1055 -6.85615 0.266
19.0986 -6.88357 0.267
19.0918 -6.911 0.268
19.0848 -6.93846 0.269
19.0779 -6.96593 0.27
19.0709 -6.99343 0.271
19.064 -7.02095 0.272
19.0569 -7.04848 0.273
19.0499 -7.07604 0.274
19.0428 -7.10361 0.275
19.0357 -7.13121 0.276
19.0286 -7.15883 0.277
19.0214 -7.18647 0.278
19.0142 -7.21413 0.279
19.007 -7.24181 0.28
18.9998 -7.26951 0.281
18.9925 -7.29723 0.282
18.9852 -7.32497 0.283
18.9779 -7.35274 0.284
18.9705 -7.38053 0.285
18.9631 -7.40834 0.286
18.9557 -7.43617 0.287
18.9483 -7.46402 0.288
18.9408 -7.49189 0.289
18.9333 -7.51979 0.29
18.9258 -7.54771 0.291
18.9183 -7.57565 0.292
18.9107 -7.60361 0.293
18.9031 -7.6316 0.294
18.8955 -7.6596 0.295
18.8878 -7.68764 0.296
18.8801 -7.71569 0.297
18.8724 -7.74377 0.298
18.8647 -7.77187 0.299
18.8569 -7.79999 0.3
18.8491 -7.82813 0.301
18.8413 -7.8563 0.302
18.8334 -7.8845 0.303
18.8255 -7.91271 0.304
18.8176 -7.94095 0.305
18.8097 -7.96922 0.306
18.8017 -7.99751 0.307
18.7937 -8.02582 0.308
18.7857 -8.05416 0.309
18.7776 -8.08252 0.31
18.7695 -8.1109 0.311
18.7614 -8.13931 0.312
18.7533 -8.16775 0.313
18.7451 -8.19621 0.314
18.7369 -8.22469 0.315
18.7287 -8.2532 0.316
18.7204 -8.28173 0.317
18.7122 -8.31029 0.318
18.7039 -8.33888 0.319
18.6955 -8.36749 0.32
18.6871 -8.39612 0.321
18.6787 -8.42479 0.322
18.6703 -8.45347 0.323
18.6619 -8.48219 0.324
18.6534 -8.51093 0.325
18.6449 -8.53969 0.326
18.6363 -8.56849 0.327
18.6278 -8.5973 0.328
18.6192 -8.62615 0.329
18.6105 -8.65502 0.33
18.6019 -8.68392 0.331
18.5932 -8.71285 0.332
18.5845 -8.7418 0.333
18.5758 -8.77078 0.334
18.567 -8.79979 0.335
18.5582 -8.82883 0.336
18.5494 -8.85789 0.337
18.5405 -8.88698 0.338
18.5316 -8.9161 0.339
18.5227 -8.94525 0.34
18.5137 -8.97442 0.341
18.5048 -9.00362 0.342
18.4958 -9.03286 0.343
18.4867 -9.06212 0.344
18.4777 -9.0914 0.345
18.4686 -9.12072 0.346
18.4595 -9.15007 0.347
18.4503 -9.17945 0.348
18.4411 -9.20885 0.349
18.4319 -9.23829 0.35
18.4227 -9.26775 0.351
18.4134 -9.29724 0.352
18.4041 -9.32677 0.353
18.3948 -9.35632 0.354
18.3854 -9.3859 0.355
18.3761 -9.41552 0.356
18.3666 -9.44516 0.357
18.3572 -9.47484 0.358
18.3477 -9.50454 0.359
18.3382 -9.53428 0.36
18.3287 -9.56405 0.361
18.3191 -9.59384 0.362
18.3095 -9.62367 0.363
18.2999 -9.65353 0.364
18.2902 -9.68343 0.365
18.2806 -9.71335 0.366
18.2708 -9.74331 0.367
18.2611 -9.7733 0.368
18.2513 -9.80332 0.369
18.2415 -9.83337 0.37
18.2317 -9.86345 0.371
18.2218 -9.89357 0.372
18.2119 -9.92372 0.373
18.202 -9.9539 0.374
18.1921 -9.98412 0.375
18.1821 -10.0144 0.376
18.1721 -10.0447 0.377
18.162 -10.075 0.378
18.1519 -10.1053 0.379
18.1418 -10.1357 0.38
18.1317 -10.1661 0.381
18.1215 -10.1966 0.382
18.1113 -10.2271 0.383
18.1011 -10.2576 0.384
18.0909 -10.2881 0.385
18.0806 -10.3187 0.386
18.0702 -10.3493 0.387
18.0599 -10.38 0.388
18.0495 -10.4107 0.389
18.0391 -10.4414 0.39
18.0287 -10.4722 0.391
18.0182 -10.503 0.392
18.0077 -10.5338 0.393
17.9972 -10.5647 0.394
17.9866 -10.5956 0.395
17.976 -10.6266 0.396
17.9654 -10.6575 0.397
17.9547 -10.6886 0.398
17.944 -10.7196 0.399
17.9333 -10.7507 0.4
17.9225 -10.7819 0.401
17.9118 -10.813 0.402
17.901 -10.8442 0.403
17.8901 -10.8755 0.404
17.8792 -10.9068 0.405
17.8683 -10.9381 0.406
17.8574 -10.9694 0.407
17.8464 -11.0008 0.408
17.8354 -11.0323 0.409
17.8244 -11.0637 0.41
17.8133 -11.0953 0.411
17.8022 -11.1268 0.412
17.7911 -11.1584 0.413
17.7799 -11.19 0.414
17.7688 -11.2217 0.415
17.7575 -11.2534 0.416
17.7463 -11.2852 0.417
17.735 -11.317 0.418
17.7237 -11.3488 0.419
17.7123 -11.3807 0.42
17.7009 -11.4126 0.421
17.6895 -11.4446 0.422
17.6781 -11.4766 0.423
17.6666 -11.5086 0.424
17.6551 -11.5407 0.425
17.6436 -11.5728 0.426
17.632 -11.605 0.427
17.6204 -11.6372 0.428
17.6087 -11.6694 0.429
17.5971 -11.7017 0.43
17.5854 -11.7341 0.431
17.5736 -11.7664 0.432
17.5619 -11.7989 0.433
17.5501 -11.8313 0.434
17.5382 -11.8638 0.435
17.5264 -11.8964 0.436
17.5145 -11.929 0.437
17.5026 -11.9616 0.438
17.4906 -11.9943 0.439
17.4786 -12.0271 0.44
17.4666 -12.0598 0.441
17.4545 -12.0927 0.442
17.4424 -12.1255 0.443
17.4303 -12.1584 0.444
17.4181 -12.1914 0.445
17.4059 -12.2244 0.446
17.3937 -12.2575 0.447
17.3815 -12.2906 0.448
17.3692 -12.3237 0.449
17.3569 -12.3569 0.45
17.3445 -12.3901 0.451
17.3321 -12.4234 0.452
17.3197 -12.4568 0.453
17.3072 -12.4902 0.454
17.2947 -12.5236 0.455
17.2822 -12.5571 0.456
17.2697 -12.5906 0.457
17.2571 -12.6242 0.458
17.2444 -12.6578 0.459
17.2318 -12.6915 0.46
17.2191 -12.7252 0.461
17.2064 -12.759 0.462
17.1936 -12.7928 0.463
17.1808 -12.8267 0.464
17.168 -12.8606 0.465
17.1551 -12.8946 0.466
17.1422 -12.9286 0.467
17.1293 -12.9627 0.468
17.1163 -12.9968 0.469
17.1033 -13.031 0.47
17.0903 -13.0653 0.471
17.0772 -13.0996 0.472
17.0641 -13.1339 0.473
17.051 -13.1683 0.474
17.0378 -13.2027 0.475
17.0246 -13.2372 0.476
17.0114 -13.2718 0.477
16.9981 -13.3064 0.478
16.9848 -13.3411 0.479
16.9715 -13.3758 0.48
16.9581 -13.4106 0.481
16.9447 -13.4454 0.482
16.9313 -13.4803 0.483
16.9178 -13.5152 0.484
16.9043 -13.5502 0.485
16.8907 -13.5853 0.486
16.8771 -13.6204 0.487
16.8635 -13.6555 0.488
16.8498 -13.6908 0.489
16.8362 -13.726 0.49
16.8224 -13.7614 0.491
16.8087 -13.7968 0.492
16.7949 -13.8322 0.493
16.781 -13.8677 0.494
16.7672 -13.9033 0.495
16.7533 -13.9389 0.496
16.7393 -13.9746 0.497
16.7254 -14.0104 0.498
16.7113 -14.0462 0.499
16.6973 -14.082 0.5
16.6832 -14.118 0.501
16.6691 -14.154 0.502
16.6549 -14.19 0.503
16.6408 -14.2261 0.504
16.6265 -14.2623 0.505
16.6123 -14.2985 0.506
16.598 -14.3348 0.507
16.5836 -14.3712 0.508
16.5693 -14.4076 0.509
16.5549 -14.4441 0.51
16.5404 -14.4807 0.511
16.5259 -14.5173 0.512
16.5114 -14.5539 0.513
16.4969 -14.5907 0.514
16.4823 -14.6275 0.515
16.4676 -14.6644 0.516
16.453 -14.7013 0.517
16.4383 -14.7383 0.518
16.4235 -14.7754 0.519
16.4088 -14.8125 0.52
16.3939 -14.8497 0.521
16.3791 -14.887 0.522
16.3642 -14.9244 0.523
16.3493 -14.9618 0.524
16.3343 -14.9993 0.525
16.3193 -15.0368 0.526
16.3043 -15.0744 0.527
16.2892 -15.1121 0.528
16.2741 -15.1499 0.529
16.259 -15.1877 0.53
16.2438 -15.2256 0.531
16.2285 -15.2636 0.532
16.2133 -15.3016 0.533
16.198 -15.3397 0.534
16.1826 -15.3779 0.535
16.1673 -15.4162 0.536
16.1518 -15.4545 0.537
16.1364 -15.4929 0.538
16.1209 -15.5314 0.539
16.1054 -15.5699 0.54
16.0898 -15.6086 0.541
16.0742 -15.6473 0.542
16.0585 -15.686 0.543
16.0428 -15.7249 0.544
16.0271 -15.7638 0.545
16.0114 -15.8028 0.546
15.9956 -15.8419 0.547
15.9797 -15.8811 0.548
15.9638 -15.9203 0.549
15.9479 -15.9596 0.55
15.932 -15.999 0.551
15.916 -16.0385 0.552
15.8999 -16.0781 0.553
15.8838 -16.1177 0.554
15.8677 -16.1574 0.555
15.8516 -16.1972 0.556
15.8354 -16.2371 0.557
15.8191 -16.2771 0.558
15.8029 -16.3171 0.559
15.7865 -16.3572 0.56
15.7702 -16.3974 0.561
15.7538 -16.4377 0.562
15.7373 -16.4781 0.563
15.7209 -16.5186 0.564
15.7043 -16.5591 0.565
15.6878 -16.5997 0.566
15.6712 -16.6405 0.567
15.6545 -16.6813 0.568
15.6379 -16.7222 0.569
15.6211 -16.7631 0.57
15.6044 -16.8042 0.571
15.5876 -16.8454 0.572
15.5707 -16.8866 0.573
15.5538 -16.928 0.574
15.5369 -16.9694 0.575
15.5199 -17.0109 0.576
15.5029 -17.0525 0.577
15.4859 -17.0942 0.578
15.4688 -17.136 0.579
15.4517 -17.1779 0.58
15.4345 -17.2199 0.581
15.4173 -17.2619 0.582
15.4 -17.3041 0.583
15.3827 -17.3464 0.584
15.3653 -17.3887 0.585
15.348 -17.4312 0.586
15.3305 -17.4737 0.587
15.313 -17.5164 0.588
15.2955 -17.5591 0.589
15.278 -17.6019 0.59
15.2604 -17.6449 0.591
15.2427 -17.6879 0.592
15.225 -17.7311 0.593
15.2073 -17.7743 0.594
15.1895 -17.8176 0.595
15.1717 -17.8611 0.596
15.1539 -17.9046 0.597
15.1359 -17.9483 0.598
15.118 -17.992 0.599
15.1 -18.0359 0.6
15.082 -18.0799 0.601
15.0639 -18.1239 0.602
15.0458 -18.1681 0.603
15.0276 -18.2124 0.604
15.0094 -18.2568 0.605
14.9911 -18.3013 0.606
14.9728 -18.3459 0.607
14.9545 -18.3906 0.608
14.9361 -18.4354 0.609
14.9177 -18.4804 0.61
14.8992 -18.5254 0.611
14.8807 -18.5706 0.612
14.8621 -18.6158 0.613
14.8435 -18.6612 0.614
14.8248 -18.7067 0.615
14.8061 -18.7523 0.616
14.7873 -18.7981 0.617
14.7685 -18.8439 0.618
14.7497 -18.8899 0.619
14.7308 -18.936 0.62
14.7119 -18.9822 0.621
14.6929 -19.0285 0.622
14.6739 -19.0749 0.623
14.6548 -19.1215 0.624
14.6357 -19.1682 0.625
14.6165 -19.215 0.626
14.5973 -19.2619 0.627
14.578 -19.309 0.628
14.5587 -19.3562 0.629
14.5394 -19.4035 0.63
14.52 -19.4509 0.631
14.5005 -19.4985 0.632
14.481 -19.5461 0.633
14.4615 -19.594 0.634
14.4419 -19.6419 0.635
14.4222 -19.69 0.636
14.4025 -19.7382 0.637
14.3828 -19.7865 0.638
14.363 -19.835 0.639
14.3432 -19.8836 0.64
14.3233 -19.9324 0.641
14.3034 -19.9812 0.642
14.2834 -20.0302 0.643
14.2633 -20.0794 0.644
14.2433 -20.1287 0.645
14.2231 -20.1781 0.646
14.203 -20.2277 0.647
14.1827 -20.2774 0.648
14.1625 -20.3273 0.649
14.1421 -20.3773 0.65
14.1218 -20.4274 0.651
14.1013 -20.4777 0.652
14.0808 -20.5281 0.653
14.0603 -20.5787 0.654
14.0397 -20.6295 0.655
14.0191 -20.6803 0.656
13.9984 -20.7314 0.657
13.9777 -20.7826 0.658
13.9569 -20.8339 0.659
13.9361 -20.8854 0.66
13.9152 -20.937 0.661
13.8943 -20.9888 0.662
13.8733 -21.0408 0.663
13.8522 -21.0929 0.664
13.8311 -21.1452 0.665
13.81 -21.1976 0.666
13.7888 -21.2502 0.667
13.7675 -21.303 0.668
13.7462 -21.3559 0.669
13.7249 -21.409 0.67
13.7035 -21.4622 0.671
13.682 -21.5156 0.672
13.6605 -21.5692 0.673
13.6389 -21.623 0.674
13.6173 -21.6769 0.675
13.5956 -21.731 0.676
13.5739 -21.7853 0.677
13.5521 -21.8397 0.678
13.5303 -21.8944 0.679
13.5084 -21.9492 0.68
13.4864 -22.0041 0.681
13.4644 -22.0593 0.682
13.4424 -22.1146 0.683
13.4203 -22.1702 0.684
13.3981 -22.2259 0.685
13.3759 -22.2818 0.686
13.3536 -22.3378 0.687
13.3312 -22.3941 0.688
13.3088 -22.4506 0.689
13.2864 -22.5072 0.69
13.2639 -22.5641 0.691
13.2413 -22.6211 0.692
13.2187 -22.6783 0.693
13.196 -22.7357 0.694
13.1733 -22.7934 0.695
13.1505 -22.8512 0.696
13.1276 -22.9092 0.697
13.1047 -22.9675 0.698
13.0818 -23.0259 0.699
13.0587 -23.0845 0.7
13.0357 -23.1434 0.701
13.0125 -23.2024 0.702
12.9893 -23.2617 0.703
12.966 -23.3212 0.704
12.9427 -23.3809 0.705
12.9193 -23.4408 0.706
12.8959 -23.5009 0.707
12.8724 -23.5613 0.708
12.8488 -23.6218 0.709
12.8252 -23.6826 0.71
12.8015 -23.7437 0.711
12.7778 -23.8049 0.712
12.754 -23.8664 0.713
12.7301 -23.9281 0.714
12.7062 -23.99 0.715
12.6822 -24.0522 0.716
12.6582 -24.1146 0.717
12.634 -24.1773 0.718
12.6099 -24.2402 0.719
12.5856 -24.3033 0.72
12.5613 -24.3667 0.721
12.537 -24.4303 0.722
12.5125 -24.4942 0.723
12.488 -24.5583 0.724
12.4635 -24.6227 0.725
12.4388 -24.6873 0.726
12.4142 -24.7522 0.727
12.3894 -24.8173 0.728
12.3646 -24.8827 0.729
12.3397 -24.9484 0.73
12.3148 -25.0143 0.731
12.2897 -25.0806 0.732
12.2647 -25.147 0.733
12.2395 -25.2138 0.734
12.2143 -25.2808 0.735
12.189 -25.3481 0.736
12.1637 -25.4157 0.737
12.1383 -25.4836 0.738
12.1128 -25.5517 0.739
12.0872 -25.6202 0.74
12.0616 -25.6889 0.741
12.0359 -25.758 0.742
12.0102 -25.8273 0.743
11.9843 -25.8969 0.744
11.9584 -25.9668 0.745
11.9325 -26.0371 0.746
11.9064 -26.1076 0.747
11.8803 -26.1785 0.748
11.8541 -26.2496 0.749
11.8279 -26.3211 0.75
11.8016 -26.3929 0.751
11.7752 -26.465 0.752
11.7487 -26.5375 0.753
11.7222 -26.6102 0.754
11.6956 -26.6834 0.755
11.6689 -26.7568 0.756
11.6421 -26.8306 0.757
11.6153 -26.9047 0.758
11.5884 -26.9792 0.759
11.5614 -27.054 0.76
11.5344 -27.1291 0.761
11.5072 -27.2047 0.762
11.48 -27.2805 0.763
11.4527 -27.3568 0.764
11.4254 -27.4334 0.765
11.398 -27.5104 0.766
11.3704 -27.5877 0.767
11.3429 -27.6654 0.768
11.3152 -27.7435 0.769
11.2874 -27.822 0.77
11.2596 -27.9009 0.771
11.2317 -27.9802 0.772
11.2037 -28.0598 0.773
11.1757 -28.1399 0.774
11.1475 -28.2204 0.775
11.1193 -28.3013 0.776
11.091 -28.3825 0.777
11.0626 -28.4643 0.778
11.0342 -28.5464 0.779
11.0056 -28.629 0.78
10.977 -28.7119 0.781
10.9483 -28.7954 0.782
10.9195 -28.8792 0.783
10.8906 -28.9636 0.784
10.8616 -29.0483 0.785
10.8326 -29.1335 0.786
10.8035 -29.2192 0.787
10.7742 -29.3054 0.788
10.7449 -29.392 0.789
10.7155 -29.4791 0.79
10.6861 -29.5666 0.791
10.6565 -29.6547 0.792
10.6268 -29.7432 0.793
10.5971 -29.8323 0.794
10.5673 -29.9218 0.795
10.5374 -30.0119 0.796
10.5073 -30.1025 0.797
10.4772 -30.1936 0.798
10.447 -30.2852 0.799
10.4168 -30.3774 0.8
10.3864 -30.4701 0.801
10.3559 -30.5633 0.802
10.3253 -30.6571 0.803
10.2947 -30.7515 0.804
10.2639 -30.8464 0.805
10.2331 -30.9419 0.806
10.2022 -31.038 0.807
10.1711 -31.1346 0.808
10.14 -31.2319 0.809
10.1087 -31.3297 0.81
10.0774 -31.4282 0.811
10.046 -31.5273 0.812
10.0145 -31.627 0.813
9.98283 -31.7273 0.814
9.95111 -31.8283 0.815
9.91928 -31.93 0.816
9.88735 -32.0323 0.817
9.85532 -32.1352 0.818
9.82318 -32.2388 0.819
9.79094 -32.3432 0.82
9.7586 -32.4482 0.821
9.72615 -32.5539 0.822
9.6936 -32.6603 0.823
9.66094 -32.7674 0.824
9.62817 -32.8753 0.825
9.59529 -32.9839 0.826
9.56231 -33.0933 0.827
9.52922 -33.2034 0.828
9.49601 -33.3143 0.829
9.4627 -33.426 0.83
9.42927 -33.5385 0.831
9.39573 -33.6517 0.832
9.36208 -33.7658 0.833
9.32832 -33.8808 0.834
9.29444 -33.9965 0.835
9.26044 -34.1131 0.836
9.22633 -34.2306 0.837
9.1921 -34.3489 0.838
9.15775 -34.4682 0.839
9.12328 -34.5883 0.84
9.08869 -34.7094 0.841
9.05398 -34.8314 0.842
9.01915 -34.9543 0.843
8.9842 -35.0782 0.844
8.94912 -35.2031 0.845
8.91391 -35.3289 0.846
8.87859 -35.4558 0.847
8.84313 -35.5837 0.848
8.80755 -35.7126 0.849
8.77183 -35.8425 0.85
8.73599 -35.9736 0.851
8.70002 -36.1057 0.852
8.66391 -36.2389 0.853
8.62767 -36.3732 0.854
8.5913 -36.5087 0.855
8.55479 -36.6454 0.856
8.51815 -36.7832 0.857
8.48136 -36.9222 0.858
8.44444 -37.0624 0.859
8.40738 -37.2039 0.86
8.37017 -37.3466 0.861
8.33283 -37.4907 0.862
8.29534 -37.636 0.863
8.2577 -37.7826 0.864
8.21992 -37.9306 0.865
8.18199 -38.08 0.866
8.14391 -38.2308 0.867
8.10568 -38.383 0.868
8.06729 -38.5366 0.869
8.02876 -38.6918 0.87
7.99007 -38.8484 0.871
7.95122 -39.0066 0.872
7.91221 -39.1663 0.873
7.87304 -39.3277 0.874
7.83372 -39.4906 0.875
7.79423 -39.6552 0.876
7.75457 -39.8215 0.877
7.71475 -39.9895 0.878
7.67476 -40.1593 0.879
7.6346 -40.3309 0.88
7.59427 -40.5043 0.881
7.55376 -40.6795 0.882
7.51309 -40.8567 0.883
7.47223 -41.0358 0.884
7.43119 -41.2169 0.885
7.38998 -41.4 0.886
7.34858 -41.5852 0.887
7.30699 -41.7725 0.888
7.26522 -41.9619 0.889
7.22326 -42.1536 0.89
7.1811 -42.3475 0.891
7.13876 -42.5437 0.892
7.09621 -42.7423 0.893
7.05347 -42.9433 0.894
7.01053 -43.1468 0.895
6.96738 -43.3528 0.896
6.92403 -43.5613 0.897
6.88047 -43.7726 0.898
6.83669 -43.9865 0.899
6.79271 -44.2033 0.9
6.7485 -44.4228 0.901
6.70408 -44.6453 0.902
6.65943 -44.8708 0.903
6.61456 -45.0994 0.904
6.56946 -45.3311 0.905
6.52413 -45.566 0.906
6.47857 -45.8043 0.907
6.43276 -46.0459 0.908
6.38672 -46.2911 0.909
6.34043 -46.5398 0.91
6.29389 -46.7923 0.911
6.24709 -47.0485 0.912
6.20005 -47.3087 0.913
6.15274 -47.5728 0.914
6.10516 -47.8411 0.915
6.05732 -48.1137 0.916
6.00921 -48.3906 0.917
5.96082 -48.672 0.918
5.91215 -48.9581 0.919
5.86319 -49.249 0.92
5.81394 -49.5449 0.921
5.76439 -49.8458 0.922
5.71455 -50.152 0.923
5.6644 -50.4637 0.924
5.61393 -50.781 0.925
5.56315 -51.1041 0.926
5.51205 -51.4332 0.927
5.46061 -51.7686 0.928
5.40885 -52.1104 0.929
5.35674 -52.4589 0.93
5.30428 -52.8143 0.931
5.25146 -53.177 0.932
5.19829 -53.547 0.933
5.14474 -53.9248 0.934
5.09081 -54.3107 0.935
5.0365 -54.7049 0.936
4.9818 -55.1078 0.937
4.92669 -55.5198 0.938
4.87117 -55.9413 0.939
4.81523 -56.3726 0.94
4.75886 -56.8141 0.941
4.70204 -57.2664 0.942
4.64478 -57.7299 0.943
4.58705 -58.2052 0.944
4.52884 -58.6928 0.945
4.47015 -59.1932 0.946
4.41095 -59.7072 0.947
4.35125 -60.2353 0.948
4.29101 -60.7784 0.949
4.23023 -61.3373 0.95
4.1689 -61.9126 0.951
4.10698 -62.5055 0.952
4.04448 -63.1168 0.953
3.98136 -63.7477 0.954
3.91761 -64.3993 0.955
3.85321 -65.0728 0.956
3.78814 -65.7697 0.957
3.72237 -66.4914 0.958
3.65588 -67.2396 0.959
3.58864 -68.0161 0.96
3.52063 -68.8228 0.961
3.4518 -69.6621 0.962
3.38214 -70.5363 0.963
3.3116 -71.4482 0.964
3.24016 -72.4007 0.965
3.16776 -73.3972 0.966
3.09436 -74.4416 0.967
3.01992 -75.5381 0.968
2.94438 -76.6916 0.969
2.86769 -77.9076 0.97
2.78978 -79.1925 0.971
2.71059 -80.5535 0.972
2.63003 -81.9992 0.973
2.54803 -83.5395 0.974
2.46449 -85.1859 0.975
2.37931 -86.9524 0.976
2.29236 -88.8553 0.977
2.2035 -90.9149 0.978
2.11259 -93.1555 0.979
2.01943 -95.6077 0.98
1.92382 -98.3096 0.981
1.82551 -101.31 0.982
1.7242 -104.674 0.983
1.61953 -108.487 0.984
1.51104 -112.866 0.985
1.39818 -117.982 0.986
1.28019 -124.083 0.987
1.15611 -131.565 0.988
1.02455 -141.092 0.989
0.883453 -153.904 0.99
0.729549 -172.693 0.991
0.556857 -204.941 0.992
0.351915 -285.688 0.993
0.0662271 -2565.66 0.994
